22 32
38 38 38 38 38 38 38 38 38 38 38 38 38 38 38 38 38 38 38 38 38 38
39 40 44 41 0 1 10 10 10 10 10 10 1 1 1 10 10 10 10 10 2 37
39 45 30 45 3 5 40 44 44 44 44 41 3 4 5 40 44 44 44 41 13 37
39 51 32 51 3 5 45 27 28 19 20 45 3 4 5 45 18 16 20 45 13 37
39 0 4 1 4 5 42 44 41 24 23 45 3 4 5 45 24 22 26 45 13 37
39 3 4 4 4 4 1 1 42 41 31 45 3 4 5 42 41 31 40 43 13 37
39 3 4 4 4 4 4 4 2 51 32 51 3 4 4 2 51 32 51 0 5 37
39 3 7 7 7 7 7 7 4 1 4 1 4 17 4 4 1 4 1 4 5 37
39 3 40 44 44 44 44 41 3 4 4 4 17 4 17 4 4 4 4 4 5 37
39 3 45 27 28 28 29 45 3 4 4 4 4 17 4 4 4 4 4 4 5 37
39 3 42 44 44 44 44 43 3 4 4 4 4 4 4 4 4 4 4 4 5 37
39 3 1 1 1 1 1 1 4 4 4 4 4 4 4 4 4 4 17 4 5 37
39 3 4 4 4 4 4 17 4 4 4 4 4 4 4 4 4 17 4 17 5 37
39 3 4 4 4 4 17 4 17 4 4 4 4 4 4 4 4 4 17 4 5 37
39 3 4 4 4 4 4 17 4 4 4 4 4 7 7 7 7 7 7 4 5 37
39 3 4 7 7 7 7 4 4 4 4 4 5 40 44 44 44 44 41 3 5 37
39 3 5 44 44 44 44 3 4 4 4 4 5 45 18 19 19 20 45 3 5 37
39 3 4 27 28 28 29 4 4 4 4 4 5 45 21 22 25 26 45 3 5 37
39 3 5 44 44 44 44 3 4 4 4 4 5 45 21 23 40 44 43 3 5 37
39 3 4 1 1 1 1 4 4 4 4 4 5 51 24 26 51 0 1 4 5 37
39 3 4 4 4 4 4 4 4 4 4 4 4 1 4 4 1 4 4 4 5 37
39 3 4 4 4 4 7 7 7 4 4 4 4 4 4 4 4 4 4 4 5 37
39 3 4 4 4 5 40 44 41 3 4 4 4 4 4 4 4 4 4 4 5 37
39 3 4 4 4 5 45 33 45 3 4 4 4 4 4 4 4 4 4 4 5 37
39 3 4 4 4 5 42 44 43 3 4 4 4 4 4 4 4 4 4 4 5 37
39 3 4 4 4 4 1 1 1 4 4 4 4 4 4 4 4 4 4 4 5 37
39 3 4 4 4 4 4 4 4 7 4 4 7 4 4 4 4 4 4 4 5 37
39 6 4 7 4 4 4 4 5 45 18 20 45 3 4 4 4 4 7 4 8 37
39 45 30 45 3 4 4 4 5 45 21 23 45 3 4 4 4 5 45 30 45 37
39 45 32 45 3 4 4 4 5 45 24 26 45 3 4 4 4 5 45 32 45 37
39 42 44 43 6 7 7 7 8 42 44 44 43 6 7 7 7 8 42 44 43 37
38 35 35 35 35 35 35 35 35 35 35 35 35 35 35 35 35 35 35 35 35 38