29 29
40 44 44 44 44 44 44 44 44 44 44 44 44 44 44 44 44 44 44 44 44 44 44 44 44 44 44 44 41
45 18 19 19 19 19 19 28 28 28 28 28 28 19 28 19 28 28 28 28 28 28 19 19 19 19 19 20 45
45 21 33 22 22 22 26 40 44 44 44 44 41 31 12 31 40 44 44 44 44 41 24 22 22 22 16 23 45
45 21 22 22 22 26 40 43 34 35 35 35 45 31 13 31 45 35 35 35 36 42 41 24 22 22 22 23 45
45 21 22 22 26 40 43 34 38 38 38 38 45 31 13 31 45 38 38 38 38 36 42 41 24 22 22 23 45
45 21 22 26 40 43 34 38 38 38 38 38 45 31 13 31 45 38 38 38 38 38 36 42 41 24 22 23 45
45 21 26 40 43 34 38 38 38 38 38 38 45 31 13 31 45 38 38 38 38 38 38 36 42 41 24 23 45
45 31 40 43 34 38 38 38 38 38 38 38 45 31 13 31 45 38 38 38 38 38 38 38 36 42 41 31 45
45 31 45 34 38 38 38 38 38 38 38 38 45 31 13 31 45 38 38 38 38 38 38 38 38 36 45 31 45
45 31 45 37 38 38 38 38 38 38 38 38 45 31 13 31 45 38 38 38 38 38 38 38 38 39 45 31 45
45 31 45 37 38 38 38 38 38 38 38 38 45 31 13 31 45 38 38 38 38 38 38 38 38 39 45 31 45
45 31 45 37 38 38 38 38 38 38 38 40 43 31 14 31 42 41 38 38 38 38 38 38 38 39 45 31 45
45 31 42 44 44 44 44 44 44 44 44 43 18 25 28 25 20 42 44 44 44 44 44 44 44 44 43 31 45
45 21 28 28 28 28 28 28 28 28 28 28 23 0 1 2 21 28 28 28 28 28 28 28 28 28 28 23 45
45 31 9 10 10 10 10 10 10 10 10 11 31 3 17 5 31 9 10 10 10 10 10 10 10 10 11 31 45
45 21 28 28 28 28 28 28 28 28 28 28 23 6 7 8 21 28 28 28 28 28 28 28 28 28 28 23 45
45 31 40 44 44 44 44 44 44 44 44 41 24 19 28 19 26 40 44 44 44 44 44 44 44 44 41 31 45
45 31 45 34 35 35 35 35 35 35 35 42 41 31 12 31 40 43 35 35 35 35 35 35 35 36 45 31 45
45 31 45 37 38 38 38 38 38 38 38 35 45 31 13 31 45 35 38 38 38 38 38 38 38 39 45 31 45
45 31 45 37 38 38 38 38 38 38 38 38 45 31 13 31 45 38 38 38 38 38 38 38 38 39 45 31 45
45 31 45 37 38 38 38 38 38 38 38 38 45 31 13 31 45 38 38 38 38 38 38 38 38 39 45 31 45
45 31 42 41 37 38 38 38 38 38 38 38 45 31 13 31 45 38 38 38 38 38 38 38 39 40 43 31 45
45 21 20 42 41 37 38 38 38 38 38 38 45 31 13 31 45 38 38 38 38 38 38 39 40 43 18 23 45
45 21 22 20 42 41 37 38 38 38 38 38 45 31 13 31 45 38 38 38 38 38 39 40 43 18 22 23 45
45 21 22 22 20 42 41 37 38 38 38 38 45 31 13 31 45 38 38 38 38 39 40 43 18 22 22 23 45
45 21 22 22 22 20 42 41 37 38 38 38 45 31 13 31 45 38 38 38 39 40 43 18 22 22 22 23 45
45 21 33 22 22 22 20 42 44 44 44 44 43 31 14 31 42 44 44 44 44 43 18 22 22 22 33 23 45
45 24 25 25 25 25 25 28 28 28 28 28 28 25 28 25 28 28 28 28 28 28 25 25 25 25 25 26 45
42 44 44 44 44 44 44 44 44 44 44 44 44 44 44 44 44 44 44 44 44 44 44 44 44 44 44 44 43