21 21
38 38 38 38 38 38 38 38 38 38 38 38 38 38 38 38 38 38 38 38 38
38 38 38 38 38 38 38 38 38 38 38 38 38 38 38 38 38 38 38 38 38
39 40 44 44 44 44 44 44 44 44 44 44 44 44 44 44 44 44 44 41 37
39 45 18 28 19 19 19 19 19 19 19 19 19 19 19 19 19 28 20 45 37
39 45 31 17 21 22 22 22 22 22 16 22 22 22 22 22 23 17 31 45 37
39 45 21 19 22 22 22 22 22 22 22 22 22 22 22 22 22 19 23 45 37
39 45 21 22 22 22 22 22 22 22 22 22 22 22 22 22 22 22 23 45 37
39 45 21 22 22 22 22 22 22 22 22 22 22 22 22 22 22 22 23 45 37
39 45 21 22 22 22 22 22 22 22 22 22 22 22 22 22 22 22 23 45 37
39 45 21 22 22 22 22 22 22 22 22 22 22 22 22 22 22 22 23 45 37
39 45 21 25 22 22 22 22 22 22 22 22 22 22 22 22 22 25 23 45 37
39 45 31 17 21 22 22 22 22 22 22 22 22 22 22 22 23 17 31 45 37
39 45 24 28 25 25 25 25 25 25 22 25 25 25 25 25 25 28 26 45 37
39 42 44 44 44 44 44 44 44 41 31 40 44 44 44 44 44 44 44 43 37
39 0 1 1 1 1 1 1 2 51 31 51 0 1 1 1 1 1 1 2 37
39 3 17 4 4 4 4 4 5 27 25 29 3 4 4 4 4 4 17 5 37
39 3 4 4 4 4 4 4 4 4 4 4 4 4 4 4 4 4 4 5 37
39 3 4 4 4 4 4 4 4 4 4 4 4 4 4 4 4 4 4 5 37
39 3 17 4 4 4 4 4 4 4 4 4 4 4 4 4 4 4 17 5 37
39 6 7 7 7 7 7 7 7 7 7 7 7 7 7 7 7 7 7 8 37
38 35 35 35 35 35 35 35 35 35 35 35 35 35 35 35 35 35 35 35 38