41 20
40 44 44 44 46 46 46 44 44 44 46 46 46 44 44 44 46 46 46 44 44 44 46 46 46 44 44 44 46 46 46 44 44 44 46 46 46 44 44 44 41
45 18 19 20 49 47 50 18 19 20 49 47 50 18 19 20 49 47 50 18 19 20 49 47 50 18 19 20 49 47 50 18 19 20 49 47 50 18 19 20 45
45 21 22 23 49 47 50 21 22 23 49 47 50 21 22 23 49 47 50 21 22 23 49 47 50 21 22 23 49 47 50 21 22 23 49 47 50 21 22 23 45
45 21 22 23 49 47 50 21 22 23 49 47 50 21 22 23 49 47 50 21 22 17 42 48 43 21 22 23 49 47 50 21 22 23 49 47 50 21 22 23 45
45 21 22 23 49 47 50 21 22 23 49 47 50 21 22 23 49 47 50 21 22 22 19 19 19 22 22 23 49 47 50 21 22 23 49 47 50 21 22 23 45
45 21 22 23 49 47 50 21 22 23 49 47 50 21 22 23 49 47 50 21 22 22 27 28 29 22 22 23 49 47 50 21 22 23 49 47 50 21 22 23 45
45 21 22 17 42 48 43 21 22 23 49 47 50 21 22 23 49 47 50 21 22 22 25 25 25 22 22 23 49 47 50 21 22 17 42 48 43 21 22 23 45
45 21 22 22 19 19 19 22 22 23 49 47 50 21 22 23 49 47 50 21 22 17 40 46 41 21 22 23 49 47 50 21 22 22 19 19 19 22 22 23 45
45 21 33 22 27 28 29 22 22 23 49 47 50 21 22 17 42 48 43 21 22 23 49 47 50 21 22 23 49 47 50 21 22 22 27 28 29 22 16 23 45
45 21 22 22 25 25 25 22 22 23 49 47 50 21 22 22 19 19 19 22 22 23 49 47 50 21 22 17 42 48 43 21 22 22 25 25 25 22 22 23 45
45 21 22 17 40 46 41 21 22 17 42 48 43 21 22 22 27 28 29 22 22 23 49 47 50 21 22 22 19 19 19 22 22 17 40 46 41 21 22 23 45
45 21 22 23 49 47 50 21 22 22 19 19 19 22 22 22 25 25 25 22 22 23 49 47 50 21 22 22 27 28 29 22 22 23 49 47 50 21 22 23 45
45 21 22 23 49 47 50 21 22 22 27 28 29 22 22 17 40 46 41 21 22 23 49 47 50 21 22 22 25 25 25 22 22 23 49 47 50 21 22 23 45
45 21 22 23 49 47 50 21 22 22 25 25 25 22 22 23 49 47 50 21 22 23 49 47 50 21 22 17 40 46 41 21 22 23 49 47 50 21 22 23 45
45 21 22 23 49 47 50 21 22 17 40 46 41 21 22 23 49 47 50 21 22 23 49 47 50 21 22 23 49 47 50 21 22 23 49 47 50 21 22 23 45
45 21 22 23 49 47 50 21 22 23 49 47 50 21 22 23 49 47 50 21 22 23 49 47 50 21 22 23 49 47 50 21 22 23 49 47 50 21 22 23 45
45 21 22 23 49 47 50 21 22 23 49 47 50 21 22 23 49 47 50 21 22 23 49 47 50 21 22 23 49 47 50 21 22 23 49 47 50 21 22 23 45
45 21 22 23 49 47 50 21 22 23 49 47 50 21 22 23 49 47 50 21 22 23 49 47 50 21 22 23 49 47 50 21 22 23 49 47 50 21 22 23 45
45 24 25 26 49 47 50 24 25 26 49 47 50 24 25 26 49 47 50 24 25 26 49 47 50 24 25 26 49 47 50 24 25 26 49 47 50 24 25 26 45
42 44 44 44 48 48 48 44 44 44 48 48 48 44 44 44 48 48 48 44 44 44 48 48 48 44 44 44 48 48 48 44 44 44 48 48 48 44 44 44 43