42 22
55 40 44 44 44 44 44 44 44 44 44 44 44 44 44 44 44 44 44 44 44 44 44 44 44 44 44 44 44 44 44 44 44 44 44 44 44 44 44 44 41 55
40 43 38 4 4 4 22 22 25 25 22 22 22 22 25 25 22 22 22 22 25 25 22 22 22 22 25 25 22 22 22 22 25 25 22 22 4 4 4 38 42 41
45 38 38 4 4 4 22 23 17 17 21 22 22 23 17 17 21 22 22 23 17 17 21 22 22 23 17 17 21 22 22 23 17 17 21 22 4 16 4 38 38 45
45 38 38 4 4 4 22 23 17 17 21 22 22 23 17 17 21 22 22 23 17 17 21 22 22 23 17 17 21 22 22 23 17 17 21 22 4 4 4 38 38 45
45 38 38 4 4 4 22 22 19 19 22 22 22 22 19 19 22 22 22 22 19 19 22 22 22 22 19 19 22 22 22 22 19 19 22 22 4 4 4 38 38 45
42 41 38 38 4 4 4 22 22 22 22 22 22 22 22 22 22 22 22 22 22 22 22 22 22 22 22 22 22 22 22 22 22 22 22 4 4 4 38 38 40 43
55 45 38 38 4 4 4 22 22 22 22 25 25 22 22 22 22 25 25 22 22 22 22 25 25 22 22 22 22 25 25 22 22 22 22 4 4 4 38 38 45 55
55 45 38 38 4 4 4 22 22 22 23 17 17 21 22 22 23 17 17 21 22 22 23 17 17 21 22 22 23 17 17 21 22 22 22 4 4 4 38 38 45 55
55 42 41 38 38 4 4 4 22 22 23 17 17 21 22 22 23 17 17 21 22 22 23 17 17 21 22 22 23 17 17 21 22 22 4 4 4 38 38 40 43 55
55 55 45 38 38 4 4 4 22 22 22 19 19 22 22 22 22 19 19 22 22 22 22 19 19 22 22 22 22 19 19 22 22 22 4 4 4 38 38 45 55 55
55 55 42 41 38 38 4 4 4 22 22 22 22 22 22 22 22 22 22 22 22 22 22 22 22 22 22 22 22 22 22 22 22 4 4 4 38 38 40 43 55 55
55 55 55 45 38 38 4 4 4 4 22 22 22 22 25 25 22 22 22 22 25 25 22 22 22 22 25 25 22 22 22 22 4 4 4 4 38 38 45 55 55 55
55 55 55 42 41 38 38 4 4 4 4 22 22 23 17 17 21 22 22 23 17 17 21 22 22 23 17 17 21 22 22 4 4 4 4 38 38 40 43 55 55 55
55 55 55 55 42 41 38 38 4 4 4 4 22 23 17 17 21 22 22 23 17 17 21 22 22 23 17 17 21 22 4 4 4 4 38 38 40 43 55 55 55 55
55 55 55 55 55 45 38 38 4 4 4 4 4 4 19 19 22 22 22 22 19 19 22 22 22 22 19 19 4 4 4 4 4 4 38 38 45 55 55 55 55 55
55 55 55 55 55 42 41 38 38 4 4 4 4 4 4 4 22 22 22 22 22 22 22 22 22 22 4 4 4 4 4 4 4 38 38 40 43 55 55 55 55 55
55 55 55 55 55 55 42 41 38 38 38 4 4 4 4 4 4 4 4 22 22 22 22 4 4 4 4 4 4 4 4 38 38 38 40 43 55 55 55 55 55 55
55 55 55 55 55 55 55 42 44 41 38 38 4 4 4 4 4 4 4 4 4 4 4 4 4 4 4 4 4 4 38 38 40 44 43 55 55 55 55 55 55 55
55 55 55 55 55 55 55 55 55 42 41 38 38 38 38 4 4 4 4 4 4 4 4 4 4 4 4 38 38 38 38 40 43 55 55 55 55 55 55 55 55 55
55 55 55 55 55 55 55 55 55 55 42 44 44 41 38 38 38 38 38 4 4 4 4 38 38 38 38 38 40 44 44 43 55 55 55 55 55 55 55 55 55 55
55 55 55 55 55 55 55 55 55 55 55 55 55 42 44 44 44 41 38 38 38 38 38 38 40 44 44 44 43 55 55 55 55 55 55 55 55 55 55 55 55 55
55 55 55 55 55 55 55 55 55 55 55 55 55 55 55 55 55 42 44 44 44 44 44 44 43 55 55 55 55 55 55 55 55 55 55 55 55 55 55 55 55 55