24 24
40 44 44 41 37 38 38 39 40 44 44 41 37 38 38 39 40 44 44 41 37 38 38 38
45 18 20 9 10 10 10 10 11 18 20 9 10 1 10 10 45 18 20 45 10 10 2 38
45 24 26 45 37 38 38 39 45 24 26 45 37 13 38 39 45 24 26 45 37 38 13 38
42 44 12 43 37 38 38 39 42 44 12 43 37 13 38 39 42 44 12 43 37 38 13 38
35 35 13 36 40 44 44 41 34 35 13 36 40 14 44 41 34 35 13 36 40 44 14 41
38 38 3 10 11 18 20 9 10 10 5 39 45 18 20 45 37 38 13 39 45 18 20 45
38 38 13 39 45 24 26 45 37 38 13 39 45 24 26 45 37 38 13 39 45 24 26 45
38 38 13 39 42 44 12 43 37 38 13 39 42 12 44 43 37 38 13 39 42 44 12 43
40 44 14 41 34 35 13 36 40 44 14 41 34 13 35 36 40 44 14 41 34 35 13 35
45 18 20 45 37 38 13 39 45 18 20 45 37 13 38 39 45 18 20 45 37 38 13 38
45 24 26 45 37 38 3 10 11 24 26 9 10 7 10 10 11 24 26 45 37 38 13 38
42 44 12 43 37 38 13 39 42 44 44 43 37 38 38 39 42 44 44 43 37 38 13 38
35 35 13 36 40 44 14 41 34 35 35 36 40 44 44 41 34 35 35 36 40 44 14 41
38 38 13 39 45 18 20 45 37 38 38 39 45 18 20 45 37 38 38 39 45 18 20 45
38 38 13 39 45 24 26 45 37 0 10 10 11 24 26 9 10 10 10 10 11 24 26 45
38 38 13 39 42 44 12 43 37 13 38 39 42 44 44 43 37 38 38 39 42 44 12 43
40 44 14 41 34 35 13 36 40 14 44 41 34 35 35 36 40 44 44 41 34 35 13 35
45 18 20 45 37 38 13 38 45 18 20 45 37 38 38 39 45 18 20 45 37 38 13 38
45 24 26 9 10 10 8 38 45 24 26 9 10 10 10 10 11 24 26 9 10 10 8 38
42 44 44 43 37 38 38 38 42 12 44 43 37 38 38 39 42 44 44 43 37 38 38 38
35 35 35 36 40 44 44 41 34 13 35 36 40 44 44 41 34 35 35 36 40 44 44 41
38 38 38 39 45 18 20 45 37 13 38 39 45 18 20 45 37 38 38 39 45 18 20 45
38 38 38 39 45 24 26 45 37 6 10 10 11 24 26 9 10 10 10 10 11 24 16 45
38 38 38 39 42 44 44 43 37 38 38 39 42 44 44 43 37 38 38 39 42 44 44 43