23 21
38 38 38 38 38 38 38 38 38 38 38 38 38 38 38 38 38 38 38 38 38 38 38
39 4 4 4 4 4 4 17 17 17 17 17 17 40 44 44 44 44 44 44 44 41 37
39 4 4 4 4 4 4 17 4 4 4 4 4 51 18 19 19 19 19 19 20 45 37
39 4 4 4 4 4 4 17 4 18 28 28 28 28 22 22 22 22 22 22 23 45 37
39 4 4 4 4 4 4 17 4 31 4 4 4 45 21 22 22 22 22 22 23 45 37
39 4 4 4 4 40 44 44 44 31 41 17 17 45 21 22 22 22 22 22 23 45 37
39 4 4 4 40 43 18 19 19 23 42 41 4 45 21 22 22 22 22 22 23 45 37
39 4 4 4 45 18 22 22 22 22 20 45 4 45 21 22 22 22 22 22 23 45 37
39 17 17 17 45 21 22 22 22 22 23 45 4 45 21 22 22 22 22 22 23 45 37
39 17 4 4 51 21 22 22 22 22 23 45 4 45 21 22 22 22 22 22 23 45 37
39 17 4 18 28 25 22 22 22 22 26 45 4 45 21 22 22 22 22 22 23 45 37
39 17 4 31 42 41 24 25 25 26 40 43 4 45 21 22 22 22 22 22 23 45 37
39 17 4 31 4 42 44 44 44 44 43 4 4 45 21 22 22 22 22 22 23 45 37
39 17 4 31 4 17 4 4 4 4 4 4 4 45 21 22 22 22 22 22 23 45 37
39 17 4 31 4 17 4 4 4 4 4 4 4 45 21 22 22 22 22 22 23 45 37
39 17 4 31 4 17 4 4 4 4 4 4 4 45 21 22 22 22 22 22 23 45 37
39 40 44 31 41 4 4 4 4 4 4 4 4 45 21 22 22 22 22 22 23 45 37
39 45 18 23 45 4 4 4 4 4 4 4 4 45 21 22 22 22 22 22 23 45 37
39 45 16 26 45 4 4 4 4 4 4 4 4 45 24 25 25 25 25 25 26 45 37
39 42 44 44 43 4 4 4 4 4 4 4 4 42 44 44 44 44 44 44 44 43 37
38 35 35 35 35 35 35 35 35 35 35 35 35 35 35 35 35 35 35 35 35 35 38