25 25
40 44 44 44 44 44 44 44 44 44 44 44 44 44 44 44 44 44 44 44 44 44 44 44 41
45 0 1 1 1 1 1 1 1 1 1 2 30 30 18 20 18 20 18 20 18 20 18 20 45
45 3 4 4 4 4 4 4 4 4 4 5 31 31 31 31 31 31 31 31 31 31 31 31 45
45 3 4 4 4 4 4 4 4 4 4 5 31 31 31 31 31 31 31 31 31 31 31 31 45
45 3 4 4 4 4 4 4 4 4 4 5 31 31 31 31 31 31 31 31 31 31 31 31 45
45 3 4 4 4 4 4 4 4 4 4 5 31 31 31 31 31 31 31 31 31 31 31 31 45
45 3 4 4 4 4 4 4 4 4 4 5 31 31 31 31 31 31 31 31 31 31 31 31 45
45 3 4 4 4 4 4 4 4 4 4 5 31 31 31 31 31 31 31 31 31 31 31 31 45
45 3 4 4 4 4 4 4 4 4 4 5 31 31 31 31 31 31 31 31 31 31 31 31 45
45 3 4 4 4 4 4 4 4 4 4 5 31 31 31 31 31 31 31 31 31 31 31 31 45
45 3 4 4 4 4 4 4 4 4 4 5 31 31 31 31 31 31 31 31 31 31 31 31 45
45 6 7 7 7 7 7 7 7 7 7 8 32 24 26 24 26 24 26 24 26 24 26 32 45
45 27 28 28 28 28 28 28 28 28 28 29 33 27 28 28 28 28 28 28 28 28 16 29 45
45 34 35 35 35 35 35 35 35 35 35 36 30 4 4 4 4 4 4 4 4 4 4 4 45
45 37 38 38 38 38 38 38 38 38 38 39 31 4 17 4 17 4 17 4 17 4 17 4 45
45 37 38 38 38 38 38 38 38 38 38 39 31 4 4 4 4 4 4 4 4 4 4 4 45
45 37 38 38 38 38 38 38 38 38 38 39 31 4 17 4 17 4 17 4 17 4 17 4 45
45 37 38 38 38 38 38 38 38 38 38 39 31 4 4 4 4 4 4 4 4 4 4 4 45
45 37 38 38 38 38 38 38 38 38 38 39 31 4 17 4 17 4 17 4 17 4 17 4 45
45 37 38 38 38 38 38 38 38 38 38 39 31 4 4 4 4 4 4 4 4 4 4 4 45
45 37 38 38 38 38 38 38 38 38 38 39 31 4 17 4 17 4 17 4 17 4 17 4 45
45 37 38 38 38 38 38 38 38 38 38 39 31 4 4 4 4 4 4 4 4 4 4 4 45
45 37 38 38 38 38 38 38 38 38 38 39 31 4 17 4 17 4 17 4 17 4 17 4 45
45 37 38 38 38 38 38 38 38 38 38 39 32 4 4 4 4 4 4 4 4 4 4 4 45
42 44 44 44 44 44 44 44 44 44 44 44 44 44 44 44 44 44 44 44 44 44 44 44 43