18 13
40 44 44 44 44 44 44 44 44 44 44 44 44 44 44 44 44 41
45 0 1 10 10 10 10 10 1 1 1 1 1 2 18 19 20 45
45 3 5 0 1 1 1 2 3 17 17 17 17 5 24 16 26 45
45 3 5 3 4 4 4 5 3 17 4 4 17 4 4 4 56 45
45 3 5 3 4 4 4 5 3 4 4 4 4 4 4 4 5 45
45 3 5 3 4 4 4 5 3 4 4 4 4 4 4 4 5 45
45 3 5 3 4 4 4 5 3 4 4 4 4 4 4 4 5 45
45 3 5 6 7 7 7 8 3 4 4 4 4 4 4 4 5 45
45 6 7 10 10 10 1 1 4 4 4 4 4 4 4 4 5 45
45 34 35 35 35 36 3 17 4 4 4 4 4 4 4 17 5 45
45 37 38 38 38 39 3 17 17 4 4 4 4 4 17 17 5 45
45 37 38 38 38 39 6 7 7 7 7 7 7 7 7 7 8 45
42 44 44 44 44 44 44 44 44 44 44 44 44 44 44 44 44 43