24 28
55 55 55 55 55 55 55 55 55 55 55 55 55 55 40 44 41 55 55 55 55 55 55 55
55 55 55 55 55 55 55 55 55 55 55 55 55 55 45 36 45 55 55 55 55 55 55 55
55 55 55 55 55 55 55 55 55 55 55 55 40 44 43 39 45 55 55 55 55 55 55 55
55 55 55 55 55 55 55 55 55 55 55 55 45 35 35 39 45 55 55 55 55 55 55 55
55 55 55 55 55 55 55 55 55 55 55 55 45 39 40 44 43 55 55 55 55 55 55 55
55 55 55 55 55 55 55 55 55 55 40 44 43 39 45 55 55 55 55 55 55 55 55 55
55 55 55 55 55 55 40 44 44 44 45 35 35 39 45 44 44 41 55 55 55 55 55 55
55 55 55 55 55 40 43 5 18 20 45 39 40 44 43 18 20 42 41 55 55 55 55 55
55 55 40 44 44 43 7 8 24 26 45 39 45 27 19 22 22 20 42 44 44 41 55 55
55 40 43 18 19 19 19 20 0 1 42 44 43 2 21 22 22 22 19 19 20 42 41 55
40 43 18 22 22 22 22 23 6 7 7 7 7 8 21 22 22 22 22 22 22 20 42 41
45 18 22 22 22 22 22 22 19 19 19 19 19 19 22 22 22 22 22 22 22 22 20 45
45 21 22 22 22 22 22 22 22 22 22 22 22 22 22 22 22 22 22 22 22 22 23 45
45 21 22 22 22 22 22 22 22 22 22 22 22 22 22 22 22 22 22 22 22 22 23 45
45 21 22 22 22 22 22 22 22 22 22 22 22 22 22 22 22 22 22 22 22 22 23 45
45 21 22 22 22 22 22 22 22 22 22 22 22 22 22 22 22 22 22 22 22 22 23 45
45 21 22 22 22 22 22 22 22 22 22 22 22 22 22 22 22 22 22 22 22 22 23 45
45 21 22 22 22 22 22 22 22 22 22 22 22 22 22 22 22 22 22 22 22 22 23 45
45 24 22 22 22 22 22 22 22 22 22 22 22 22 22 22 22 22 22 22 22 22 26 45
42 41 24 22 22 22 22 22 22 22 22 22 22 22 22 22 22 22 22 22 22 26 40 43
55 42 41 21 22 22 22 22 22 22 22 22 22 22 22 22 22 22 22 22 23 40 43 55
55 55 45 21 22 22 22 22 22 22 22 22 22 22 22 22 22 22 22 22 23 45 55 55
55 55 45 24 22 22 22 22 22 22 22 22 22 22 22 22 22 22 22 22 26 45 55 55
55 55 42 41 24 22 22 22 22 22 22 22 22 22 22 22 22 22 22 26 40 43 55 55
55 55 55 42 41 24 22 22 22 22 22 22 22 22 22 22 22 22 26 40 43 55 55 55
55 55 55 55 42 41 24 22 22 22 22 22 22 22 22 16 22 26 40 43 55 55 55 55
55 55 55 55 55 42 41 24 25 25 25 25 25 25 25 25 26 40 43 55 55 55 55 55
55 55 55 55 55 55 42 44 44 44 44 44 44 44 44 44 44 43 55 55 55 55 55 55