24 26
55 55 55 55 55 55 55 55 55 55 55 55 55 55 55 55 55 55 55 55 55 55 55 55
55 55 55 55 55 40 44 44 44 44 44 44 44 44 44 44 44 44 41 55 55 55 55 55
55 55 55 55 55 45 34 35 35 35 35 35 35 35 35 35 35 35 45 55 55 55 55 55
55 40 44 44 44 43 37 38 38 38 38 38 38 38 38 38 38 39 42 44 44 44 41 55
55 45 34 35 35 35 38 38 38 38 38 38 38 38 38 38 38 38 35 35 35 36 45 55
55 45 37 38 38 38 38 38 38 38 38 38 38 38 38 38 38 38 38 38 38 39 45 55
55 45 37 38 38 38 38 38 38 38 38 38 38 38 38 38 38 38 38 38 38 39 45 55
55 49 44 44 41 37 38 38 38 38 38 38 38 38 38 38 38 38 39 40 44 44 50 55
55 45 18 20 45 37 38 38 38 38 38 38 38 38 38 38 38 38 39 45 0 16 45 55
55 45 21 23 42 44 44 44 41 37 38 38 38 38 39 40 44 44 44 43 3 5 45 55
55 45 21 22 19 19 19 20 45 37 38 38 38 38 39 45 17 17 17 17 4 5 45 55
55 45 21 22 22 22 22 23 42 44 44 44 44 44 44 43 17 17 17 17 4 5 45 55
55 45 21 22 22 22 17 17 17 17 0 1 1 1 1 1 17 17 4 4 4 5 45 55
55 45 24 25 22 22 17 17 17 17 3 4 4 4 4 4 17 17 4 4 7 8 45 55
55 42 44 41 21 22 17 17 22 23 3 4 4 4 4 4 17 17 4 5 40 44 43 55
55 55 55 45 21 22 17 17 22 23 6 7 4 4 4 4 17 17 4 5 45 55 55 55
55 55 55 45 21 22 22 22 17 17 19 20 3 4 4 4 4 4 4 5 45 55 55 55
55 55 55 45 21 22 22 22 17 17 22 23 3 4 4 4 4 4 4 5 45 55 55 55
55 55 55 45 21 22 22 22 17 17 22 23 3 4 4 4 17 17 4 5 45 55 55 55
55 55 55 45 24 25 22 22 17 17 22 23 3 4 4 4 17 17 7 8 45 55 55 55
55 55 55 42 44 41 21 22 22 22 22 23 3 4 4 4 4 5 40 44 43 55 55 55
55 55 55 55 55 45 21 22 22 22 22 23 3 4 4 4 4 5 45 55 55 55 55 55
55 55 55 55 55 45 21 22 22 22 22 23 3 4 4 4 4 5 45 55 55 55 55 55
55 55 55 55 55 45 24 25 25 25 25 26 6 7 7 7 7 8 45 55 55 55 55 55
55 55 55 55 55 42 44 44 44 44 44 44 44 44 44 44 44 44 43 55 55 55 55 55
55 55 55 55 55 55 55 55 55 55 55 55 55 55 55 55 55 55 55 55 55 55 55 55