26 26
38 38 38 38 38 38 38 38 38 38 38 38 38 38 38 38 38 38 38 38 38 38 38 38 38 38
38 38 38 38 38 38 38 38 38 38 38 38 38 38 38 38 38 38 38 38 38 38 38 38 38 38
38 39 40 44 44 44 44 44 44 44 44 44 44 44 44 44 44 44 44 44 44 44 44 41 37 38
38 39 45 18 19 19 19 19 19 19 19 19 19 19 19 19 19 19 19 19 19 19 20 45 37 38
38 39 45 21 17 22 22 22 22 22 22 22 22 22 22 22 22 22 22 22 22 17 23 45 37 38
38 39 45 21 22 22 25 25 25 25 25 25 25 25 25 25 25 25 25 25 22 22 23 45 37 38
38 39 45 21 22 23 40 44 44 44 44 44 0 2 44 44 44 44 44 41 21 22 23 45 37 38
38 39 45 21 22 23 45 0 1 1 1 17 4 4 1 1 1 1 2 45 21 22 23 45 37 38
38 39 45 21 22 23 45 3 4 7 7 17 7 7 7 7 7 4 5 45 21 22 23 45 37 38
38 39 45 21 22 23 45 3 5 40 44 44 44 44 44 44 41 3 5 45 21 22 23 45 37 38
38 39 45 21 22 23 45 3 5 45 18 28 28 28 17 20 45 3 5 45 21 22 23 45 37 38
38 39 45 21 22 23 45 17 17 51 31 40 44 44 41 17 45 3 5 45 21 22 23 45 37 38
38 39 45 21 22 23 45 3 5 18 23 45 0 2 51 31 45 3 5 45 21 22 23 45 37 38
38 39 45 21 22 23 45 3 5 24 23 45 6 7 11 31 45 3 5 45 21 22 23 45 37 38
38 39 45 21 22 23 45 3 5 45 31 42 44 44 43 31 45 3 5 45 21 22 23 45 37 38
38 39 45 21 22 23 45 3 5 45 24 28 28 28 28 26 45 3 5 45 21 22 23 45 37 38
38 39 45 21 22 23 45 3 5 42 44 44 44 44 44 44 43 3 5 45 21 22 23 45 37 38
38 39 45 21 22 23 45 3 4 1 1 1 1 1 1 1 1 4 5 45 21 22 23 45 37 38
38 39 45 21 22 23 45 6 7 7 7 7 7 7 7 7 7 7 8 45 21 22 23 45 37 38
38 39 45 21 22 23 42 44 44 44 44 44 44 44 44 44 44 44 44 43 21 22 23 45 37 38
38 39 45 21 22 22 19 19 19 19 19 19 19 19 19 19 19 19 19 19 22 22 23 45 37 38
38 39 45 21 17 22 22 22 22 22 22 22 22 22 22 22 22 22 22 22 22 16 23 45 37 38
38 39 45 24 25 25 25 25 25 25 25 25 25 25 25 25 25 25 25 25 25 25 26 45 37 38
38 39 42 44 44 44 44 44 44 44 44 44 44 44 44 44 44 44 44 44 44 44 44 43 37 38
38 38 35 35 35 35 35 35 35 35 35 35 35 35 35 35 35 35 35 35 35 35 35 35 38 38
38 38 38 38 38 38 38 38 38 38 38 38 38 38 38 38 38 38 38 38 38 38 38 38 38 38