20 22
40 44 44 44 41 37 38 38 38 38 38 38 38 38 39 40 44 44 44 41
45 18 19 20 42 41 37 38 38 38 38 38 38 39 40 43 18 19 20 45
45 21 22 22 20 42 41 37 38 38 38 38 39 40 43 18 22 16 23 45
45 24 22 22 22 20 42 41 37 38 38 39 40 43 18 22 22 22 26 45
42 41 24 22 22 22 20 42 41 37 39 40 43 18 22 22 22 26 40 43
36 42 41 24 22 22 22 20 42 44 44 43 18 22 22 22 26 40 43 34
38 36 42 41 24 22 22 22 17 17 17 17 22 22 22 26 40 43 34 38
38 38 36 42 41 24 22 22 22 22 22 22 22 22 26 40 43 34 38 38
38 38 38 36 42 41 24 22 22 22 22 22 22 26 40 43 34 38 38 38
38 38 38 38 36 42 41 17 22 22 22 22 17 40 43 34 38 38 38 38
38 38 38 38 38 36 45 17 22 22 22 22 17 45 34 38 38 38 38 38
38 38 38 38 38 39 45 17 22 22 22 22 17 45 37 38 38 38 38 38
38 38 38 38 39 40 43 17 22 22 22 22 17 42 41 37 38 38 38 38
38 38 38 39 40 43 18 22 22 22 22 22 22 20 42 41 37 38 38 38
38 38 39 40 43 18 22 22 22 22 22 22 22 22 20 42 41 37 38 38
38 39 40 43 18 22 22 22 17 17 17 17 22 22 22 20 42 41 37 38
39 40 43 18 22 22 22 26 40 44 44 41 24 22 22 22 20 42 41 37
40 43 18 22 22 22 26 40 43 34 36 42 41 24 22 22 22 20 42 41
45 18 22 22 22 26 40 43 34 38 38 36 42 41 24 22 22 22 20 45
45 21 22 22 26 40 43 34 38 38 38 38 36 42 41 24 22 22 23 45
45 24 25 26 40 43 34 38 38 38 38 38 38 36 42 41 24 25 26 45
42 44 44 44 43 34 38 38 38 38 38 38 38 38 36 42 44 44 44 43