21 30
40 44 44 44 44 44 44 44 44 44 44 44 44 44 44 44 44 44 44 44 41
45 18 19 19 19 19 19 19 19 19 28 19 19 19 19 19 19 19 19 20 45
45 21 17 22 22 22 22 22 22 23 15 21 22 22 22 22 22 22 17 23 45
45 21 22 22 22 22 22 22 22 22 19 22 22 22 22 22 22 22 22 23 45
45 21 22 22 22 22 22 25 22 22 22 22 22 25 22 22 22 22 22 23 45
45 21 22 22 22 22 23 15 21 22 22 22 23 15 21 22 22 22 22 23 45
45 21 22 22 22 22 22 19 22 22 22 22 22 19 22 22 22 22 22 23 45
45 21 22 22 25 22 22 22 22 22 22 22 22 22 22 22 25 22 22 23 45
45 21 22 23 15 21 22 22 22 22 22 22 22 22 22 23 15 21 22 23 45
45 21 22 22 19 22 22 22 22 22 22 22 22 22 22 22 19 22 22 23 45
45 21 22 22 22 22 22 22 22 22 22 22 22 22 22 22 22 22 22 23 45
45 21 22 22 22 22 22 22 22 22 22 22 22 22 22 22 22 22 22 23 45
45 21 22 22 22 22 22 22 22 22 22 22 22 22 22 22 22 22 22 23 45
45 21 22 22 22 22 22 22 22 22 22 22 22 22 22 22 22 22 22 23 45
45 21 22 22 22 22 22 22 22 22 25 22 22 22 22 22 22 22 22 23 45
45 21 22 22 22 22 22 22 22 23 15 21 22 22 22 22 22 22 22 23 45
45 21 17 22 22 22 22 22 22 22 19 22 22 22 22 22 22 22 17 23 45
45 24 25 25 25 25 25 25 25 25 22 25 25 25 25 25 25 25 25 26 45
42 44 44 44 44 44 44 44 44 41 31 40 44 44 44 44 44 44 44 44 43
35 35 35 35 35 35 35 35 36 45 31 45 34 35 35 35 35 35 35 35 35
38 38 38 38 38 38 38 38 39 45 31 45 37 38 38 38 38 38 38 38 38
38 38 38 38 38 38 38 38 39 45 31 45 37 38 38 38 38 38 38 38 38
38 38 38 38 38 38 38 38 39 45 31 45 37 38 38 38 38 38 38 38 38
38 38 38 38 38 38 38 39 40 43 31 42 41 37 38 38 38 38 38 38 38
38 38 38 38 38 38 38 39 45 18 22 20 45 37 38 38 38 38 38 38 38
38 38 38 38 38 38 38 39 45 21 16 23 45 37 38 38 38 38 38 38 38
38 38 38 38 38 38 38 39 45 24 25 26 45 37 38 38 38 38 38 38 38
38 38 38 38 38 38 38 39 42 44 44 44 43 37 38 38 38 38 38 38 38
38 38 38 38 38 38 38 38 35 35 35 35 35 38 38 38 38 38 38 38 38
38 38 38 38 38 38 38 38 38 38 38 38 38 38 38 38 38 38 38 38 38