30 30
40 44 44 44 44 44 44 44 41 55 55 55 55 55 55 55 55 55 55 55 55 40 44 44 44 44 44 44 44 41
45 34 35 35 35 35 35 36 45 55 55 55 55 55 55 55 55 55 55 55 55 45 0 1 1 1 1 1 2 45
45 37 38 38 38 38 38 39 45 55 55 55 55 55 55 55 55 55 55 55 55 45 3 4 4 4 4 16 5 45
45 37 38 38 38 38 38 39 45 55 55 55 55 55 55 55 55 55 55 55 55 45 3 4 4 4 4 4 5 45
45 37 38 38 38 38 38 39 45 55 55 55 55 55 55 55 55 55 55 55 55 45 3 4 4 4 4 4 5 45
45 37 38 38 38 38 38 39 45 55 55 55 55 55 55 55 55 55 55 55 55 45 3 4 4 4 4 4 5 45
45 37 38 38 38 38 38 39 42 41 55 55 55 55 55 55 55 55 55 55 40 43 3 4 4 4 4 4 5 45
45 37 38 38 38 38 38 38 36 42 44 44 44 44 46 46 44 44 44 44 43 33 6 7 7 7 7 7 8 45
42 44 44 44 44 44 44 41 37 35 35 35 35 36 49 50 0 1 1 1 1 2 40 44 44 44 44 44 44 43
55 55 55 55 55 55 55 45 37 38 38 38 38 39 49 50 3 4 4 4 4 5 45 55 55 55 55 55 55 55
55 55 55 55 55 55 55 45 37 38 38 38 38 39 49 50 3 4 4 4 4 5 45 55 55 55 55 55 55 55
55 55 55 55 55 55 55 45 37 38 38 38 38 39 49 50 3 4 4 4 4 5 45 55 55 55 55 55 55 55
55 55 55 55 55 55 55 45 37 38 38 38 38 39 49 50 3 4 4 4 4 5 45 55 55 55 55 55 55 55
55 55 55 55 55 55 55 45 37 39 40 44 44 44 48 43 6 7 7 7 7 8 45 55 55 55 55 55 55 55
55 55 55 55 55 55 55 42 44 44 50 0 1 1 1 2 33 40 44 46 44 44 43 55 55 55 55 55 55 55
55 55 55 55 55 55 55 55 55 55 45 3 4 4 4 5 40 43 35 45 55 55 55 55 55 55 55 55 55 55
55 55 55 55 55 55 55 55 55 55 45 3 4 4 4 5 45 34 39 45 55 55 55 55 55 55 55 55 55 55
55 55 55 55 55 55 55 55 55 40 43 3 4 4 4 5 45 37 39 42 41 55 55 55 55 55 55 55 55 55
55 55 55 55 55 55 40 44 44 43 33 6 7 7 7 8 45 37 38 36 42 44 44 41 55 55 55 55 55 55
55 55 55 55 55 55 45 0 1 1 2 40 44 44 44 44 48 44 41 37 35 35 36 45 55 55 55 55 55 55
55 55 55 55 55 55 45 3 4 4 5 45 55 55 55 55 55 55 45 37 38 38 39 45 55 55 55 55 55 55
55 55 55 55 55 55 45 3 4 4 5 45 55 55 55 55 55 55 45 37 38 38 39 45 55 55 55 55 55 55
55 55 55 40 44 44 43 6 7 7 8 45 55 55 55 55 55 55 45 37 38 38 39 42 44 44 41 55 55 55
55 55 55 45 0 1 2 33 40 44 44 43 55 55 55 55 55 55 42 44 44 41 37 35 35 36 45 55 55 55
55 55 40 43 3 4 5 40 43 55 55 55 55 55 55 55 55 55 55 55 55 42 41 37 38 39 42 41 55 55
55 40 43 33 6 7 8 45 55 55 55 55 55 55 55 55 55 55 55 55 55 55 45 37 38 38 36 42 41 55
55 45 0 2 40 44 44 43 55 55 55 55 55 55 55 55 55 55 55 55 55 55 42 44 44 41 37 36 45 55
40 43 6 8 45 55 55 55 55 55 55 55 55 55 55 55 55 55 55 55 55 55 55 55 55 45 37 39 42 41
45 15 33 40 43 55 55 55 55 55 55 55 55 55 55 55 55 55 55 55 55 55 55 55 55 42 41 37 36 45
42 44 44 43 55 55 55 55 55 55 55 55 55 55 55 55 55 55 55 55 55 55 55 55 55 55 42 44 44 43