31 31
55 55 55 55 55 55 55 55 55 55 55 55 55 55 55 55 55 55 55 55 55 55 55 55 55 55 55 55 55 55 55
55 55 55 55 55 55 55 55 40 44 44 44 44 44 44 44 44 44 44 44 44 44 41 55 55 55 55 55 55 55 55
55 55 55 40 44 44 44 44 43 18 19 19 19 19 19 19 19 19 19 19 19 20 42 41 55 55 55 55 55 55 55
55 55 40 43 9 1 1 2 18 22 22 22 22 22 22 22 22 22 22 22 22 22 20 45 55 55 55 55 55 55 55
55 55 45 30 15 3 7 8 24 22 22 22 22 22 22 22 22 22 22 22 22 22 26 45 55 55 55 55 55 55 55
55 55 45 21 20 14 40 44 41 24 22 22 22 22 22 22 22 22 22 22 22 26 40 43 55 55 55 55 55 55 55
55 55 45 21 23 40 43 55 42 41 24 22 22 22 22 22 22 22 22 22 26 40 43 55 55 55 55 55 55 55 55
55 55 45 24 26 45 55 55 55 42 41 24 22 22 22 22 22 22 22 26 40 43 55 55 55 40 44 44 41 55 55
55 40 43 0 2 42 41 55 55 55 42 41 24 22 22 22 22 22 26 40 43 55 55 55 40 43 0 2 42 41 55
55 45 0 4 4 2 42 41 55 55 55 42 41 24 22 22 22 26 40 43 55 55 55 40 43 0 4 4 2 45 55
55 45 3 4 4 4 2 42 41 55 55 55 42 41 24 22 26 40 43 55 55 55 40 43 0 4 4 4 5 45 55
55 45 3 4 4 4 17 2 42 41 55 55 55 42 41 32 40 43 55 55 55 40 43 0 4 17 4 4 5 45 55
55 45 3 4 4 4 4 4 2 42 41 55 55 55 42 46 43 55 55 55 40 43 0 4 17 4 4 4 5 45 55
55 45 3 17 4 4 4 4 4 2 42 41 55 55 55 51 55 55 55 40 43 0 4 17 4 4 4 4 5 45 55
55 45 3 4 4 4 4 4 4 4 2 42 41 55 55 55 55 55 40 43 0 4 4 4 4 4 4 4 5 45 55
55 45 3 4 4 4 17 4 4 4 4 11 49 44 55 55 55 44 50 16 4 4 4 4 4 4 4 4 5 45 55
55 45 3 4 4 4 4 4 4 4 8 40 43 55 55 55 55 55 42 41 6 4 4 4 4 4 4 4 5 45 55
55 45 3 17 4 4 4 4 4 8 40 43 55 55 55 45 55 55 55 42 41 6 4 17 4 4 4 4 5 45 55
55 45 3 4 4 4 4 4 8 40 43 55 55 55 40 48 41 55 55 55 42 41 6 4 17 4 4 4 5 45 55
55 45 3 4 4 4 17 8 40 43 55 55 55 40 43 30 42 41 55 55 55 42 41 6 4 17 4 4 5 45 55
55 45 3 4 4 4 8 40 43 55 55 55 40 43 18 22 20 42 41 55 55 55 42 41 6 4 4 4 5 45 55
55 45 6 4 4 8 40 43 55 55 55 40 43 18 22 22 22 20 42 41 55 55 55 42 41 6 4 4 8 45 55
55 42 41 6 8 40 43 55 55 55 40 43 18 22 22 22 22 22 20 42 41 55 55 55 42 41 6 8 40 43 55
55 55 45 18 20 45 55 55 55 40 43 18 22 22 22 22 22 22 22 20 42 41 55 55 55 45 18 20 45 55 55
55 55 45 21 23 42 41 55 40 43 18 22 22 22 22 22 22 22 22 22 20 42 41 55 40 43 21 23 45 55 55
55 55 45 21 25 29 42 44 43 18 22 22 22 22 22 22 22 22 22 22 22 20 42 44 43 12 24 23 45 55 55
55 55 45 32 33 0 1 2 18 22 22 22 22 22 22 22 22 22 22 22 22 22 20 0 1 5 15 32 45 55 55
55 55 42 41 9 7 7 8 24 22 22 22 22 22 22 22 22 22 22 22 22 22 26 6 7 7 11 40 43 55 55
55 55 55 42 44 44 44 44 41 24 25 25 25 25 25 25 25 25 25 25 25 26 40 44 44 44 44 43 55 55 55
55 55 55 55 55 55 55 55 42 44 44 44 44 44 44 44 44 44 44 44 44 44 43 55 55 55 55 55 55 55 55
55 55 55 55 55 55 55 55 55 55 55 55 55 55 55 55 55 55 55 55 55 55 55 55 55 55 55 55 55 55 55