28 20
38 38 38 38 38 38 38 38 38 38 38 38 38 38 38 38 38 38 38 38 38 38 38 38 38 38 38 38
39 0 10 10 2 37 38 38 39 40 44 44 44 44 44 44 44 44 41 37 38 38 39 0 10 10 2 37
39 13 18 20 6 10 10 2 39 45 17 19 19 19 19 19 19 17 45 37 0 10 10 8 18 20 13 37
39 13 24 25 28 28 20 14 39 42 44 21 22 22 22 22 23 44 43 37 14 18 28 28 25 26 13 37
39 6 10 10 10 2 24 28 28 28 28 22 22 22 22 22 22 28 28 28 28 26 0 10 10 10 8 37
38 35 35 35 35 6 10 11 39 40 44 21 22 22 22 22 23 44 41 37 9 10 8 35 35 35 35 38
38 38 38 38 38 35 35 35 39 45 18 22 22 22 22 22 22 20 45 37 35 35 35 38 38 38 38 38
38 38 38 38 38 38 38 38 39 45 21 22 22 22 22 22 22 23 45 37 38 38 38 38 38 38 38 38
38 38 38 38 38 38 38 38 39 45 21 22 22 22 22 22 22 23 45 37 38 38 38 38 38 38 38 38
38 38 38 38 38 38 38 38 39 45 21 22 22 22 22 22 22 23 45 37 38 38 38 38 38 38 38 38
38 38 38 38 38 38 38 38 39 45 21 22 22 22 22 22 22 23 45 37 38 38 38 38 38 38 38 38
38 38 38 38 38 38 38 38 39 45 21 22 22 22 22 22 22 23 45 37 38 38 38 38 38 38 38 38
38 38 38 38 38 38 38 38 39 45 21 22 22 22 22 22 22 23 45 37 38 38 38 38 38 38 38 38
38 38 38 38 38 38 38 38 39 45 24 22 22 22 22 22 22 26 45 37 38 38 38 38 38 38 38 38
38 38 38 38 39 0 10 11 39 42 44 21 22 22 22 22 23 44 43 37 9 10 2 37 38 38 38 38
39 0 10 10 10 8 18 28 28 28 28 22 22 22 22 22 22 29 28 28 28 20 6 10 10 10 2 37
39 13 18 19 28 28 26 12 39 40 44 21 22 22 22 22 23 44 41 37 12 24 28 28 19 20 13 37
39 13 24 26 0 10 10 8 39 45 17 25 25 25 25 25 25 17 45 37 6 10 10 2 24 16 13 37
39 6 10 10 8 35 35 35 39 42 44 44 44 44 44 44 44 44 43 37 35 35 35 6 10 10 8 37
38 35 35 35 35 38 38 38 38 35 35 35 35 35 35 35 35 35 35 38 38 38 38 35 35 35 35 38