41 18
38 38 38 38 38 38 38 38 38 38 38 38 38 38 38 38 38 38 38 38 38 38 38 38 38 38 38 38 38 38 38 38 38 38 38 38 38 38 38 38 38
38 38 38 38 38 38 38 38 38 38 38 38 38 38 38 38 38 0 1 2 38 0 1 2 38 38 38 38 38 38 38 38 38 38 38 38 38 38 38 38 38
38 38 38 38 18 28 28 28 28 28 28 28 28 28 28 28 29 3 4 5 38 3 16 5 27 28 28 28 28 28 28 28 28 28 28 28 20 38 38 38 38
38 38 38 38 31 38 38 38 38 38 38 38 38 38 38 38 38 6 7 8 38 6 7 8 38 38 38 38 38 38 38 38 38 38 38 38 31 38 38 38 38
39 40 44 41 31 40 44 41 37 38 38 38 38 38 38 38 38 38 38 38 38 38 38 38 38 38 38 38 38 38 38 38 39 40 44 41 31 40 44 41 37
39 45 17 51 31 51 17 42 44 44 44 44 44 44 44 44 44 44 44 44 44 44 44 44 44 44 44 44 44 44 44 44 44 43 17 45 31 51 17 45 37
39 45 21 28 22 28 23 34 36 18 28 19 28 28 28 28 28 28 28 28 28 28 28 28 28 28 28 19 28 28 28 28 19 28 26 45 24 28 23 45 37
39 45 31 45 31 45 31 37 39 31 45 17 40 44 44 44 44 44 44 44 44 44 44 44 44 44 44 31 44 44 44 41 31 44 44 48 44 41 31 45 37
39 45 31 45 31 45 21 28 28 26 45 31 51 18 28 28 19 28 28 28 28 28 19 28 28 28 17 22 17 28 20 45 21 28 28 28 20 45 31 45 37
39 45 31 45 31 45 17 40 46 46 50 24 28 23 40 41 31 40 41 17 40 41 31 40 44 46 41 17 44 44 31 42 17 44 44 41 31 45 31 45 37
39 45 31 45 31 45 31 42 48 48 48 44 44 31 49 50 31 42 43 31 42 43 17 51 30 42 43 21 28 28 25 28 25 28 20 45 31 45 31 45 37
39 45 31 45 31 45 24 28 28 28 28 28 28 26 49 50 21 17 28 22 28 28 22 28 25 28 28 23 40 44 44 44 44 41 31 51 17 51 31 45 37
39 45 31 45 31 42 44 44 44 44 44 44 44 44 48 43 31 40 41 31 34 36 31 40 46 46 41 17 45 18 28 28 19 17 25 28 25 28 23 45 37
39 45 31 45 21 28 28 28 28 28 19 19 19 19 28 28 23 49 50 31 37 39 31 42 48 48 43 17 51 31 34 36 31 49 46 46 46 41 31 45 37
39 45 31 51 17 44 44 44 44 44 17 17 17 17 44 44 17 42 43 31 37 39 24 28 28 28 28 25 28 26 37 39 31 42 48 48 48 43 31 45 37
39 45 24 28 25 28 28 28 28 28 25 25 25 25 28 28 25 28 28 26 37 38 35 35 35 35 35 35 35 35 38 39 24 28 28 28 28 28 26 45 37
39 42 44 44 44 44 44 44 44 44 44 44 44 44 44 44 44 44 44 44 44 44 44 44 44 44 44 44 44 44 44 44 44 44 44 44 44 44 44 43 37
38 35 35 35 35 35 35 35 35 35 35 35 35 35 35 35 35 35 35 35 35 35 35 35 35 35 35 35 35 35 35 35 35 35 35 35 35 35 35 35 38