30 32
55 55 55 55 55 55 55 55 55 55 55 55 55 55 55 55 55 55 55 55 55 55 55 55 55 55 55 55 55 55
55 55 55 55 55 55 55 55 55 55 55 55 55 55 55 55 55 40 44 44 44 44 44 44 41 55 55 55 55 55
55 55 55 55 55 55 55 55 55 55 55 55 55 55 55 55 40 43 0 1 1 1 1 2 42 41 55 55 55 55
55 55 55 55 55 55 55 55 55 55 55 55 55 40 44 44 43 0 4 4 4 4 4 4 2 42 41 55 55 55
55 55 55 55 55 55 55 55 55 55 55 55 40 43 0 1 1 4 4 4 4 4 4 4 4 2 42 41 55 55
55 55 55 55 55 55 55 55 55 55 55 40 43 0 4 7 7 7 7 4 4 4 4 4 16 4 2 42 41 55
55 55 55 55 55 55 55 55 55 55 40 43 0 4 5 18 19 19 20 3 4 4 4 4 4 4 4 2 45 55
55 55 55 55 55 55 55 55 55 40 43 0 4 4 5 24 25 25 26 6 7 4 4 4 4 4 4 5 45 55
55 55 55 55 55 55 55 55 40 43 0 4 4 4 4 1 1 1 2 18 20 3 4 4 4 4 4 5 45 55
55 55 55 55 55 55 55 40 43 0 4 4 4 4 4 4 4 4 5 24 26 3 4 4 4 4 4 5 45 55
55 55 55 55 55 55 40 43 0 4 4 4 4 4 4 4 4 4 4 1 1 4 4 4 4 4 4 5 45 55
55 55 55 55 55 40 43 0 4 4 4 4 4 4 4 4 4 4 4 4 4 4 4 4 4 4 4 5 45 55
55 55 55 55 40 43 0 4 7 7 7 7 4 4 4 4 4 4 4 4 4 4 4 4 7 7 7 8 45 55
55 55 55 40 43 30 3 5 18 19 19 20 3 4 4 4 4 4 4 4 4 4 4 5 18 19 19 29 45 55
55 55 55 45 27 26 3 5 24 25 25 26 6 7 4 4 4 4 4 4 4 4 7 8 21 22 26 40 43 55
55 55 55 45 0 1 4 4 1 1 1 2 18 20 3 4 4 4 4 4 4 5 18 19 22 26 40 43 55 55
55 55 40 43 3 4 4 4 4 4 4 5 24 26 3 4 4 4 4 4 7 8 21 22 26 40 43 55 55 55
55 40 43 0 4 4 4 4 4 4 4 4 1 1 4 4 4 4 4 5 18 19 22 26 40 43 55 55 55 55
55 45 0 4 4 4 4 4 4 4 4 4 4 4 4 4 4 4 7 8 21 22 26 40 43 55 55 55 55 55
55 45 3 4 4 4 4 4 4 4 4 4 4 4 4 4 4 5 18 19 22 26 40 43 55 55 55 55 55 55
55 45 3 4 4 4 4 4 4 4 4 4 4 4 4 4 7 8 21 22 26 40 43 55 55 55 55 55 55 55
55 45 3 4 4 4 4 4 4 4 4 4 4 4 4 5 18 19 22 26 40 43 55 55 55 55 55 55 55 55
55 45 3 4 4 4 4 4 4 4 4 4 4 4 7 8 21 22 26 40 43 55 55 55 55 55 55 55 55 55
55 45 3 4 4 4 4 4 4 4 4 4 4 5 18 19 22 26 40 43 55 55 55 55 55 55 55 55 55 55
55 45 6 7 4 4 4 4 4 4 4 4 7 8 21 22 26 40 43 55 55 55 55 55 55 55 55 55 55 55
55 45 27 20 3 4 4 4 4 4 4 5 18 19 22 26 40 43 55 55 55 55 55 55 55 55 55 55 55 55
55 42 41 32 6 7 7 7 7 7 7 8 21 22 26 40 43 55 55 55 55 55 55 55 55 55 55 55 55 55
55 55 42 41 27 19 19 19 19 19 19 19 22 26 40 43 55 55 55 55 55 55 55 55 55 55 55 55 55 55
55 55 55 42 41 24 22 22 22 22 22 22 26 40 43 55 55 55 55 55 55 55 55 55 55 55 55 55 55 55
55 55 55 55 42 41 24 25 25 25 25 26 40 43 55 55 55 55 55 55 55 55 55 55 55 55 55 55 55 55
55 55 55 55 55 42 44 44 44 44 44 44 43 55 55 55 55 55 55 55 55 55 55 55 55 55 55 55 55 55
55 55 55 55 55 55 55 55 55 55 55 55 55 55 55 55 55 55 55 55 55 55 55 55 55 55 55 55 55 55