36 12
40 44 44 44 44 44 44 44 44 44 44 44 44 44 44 44 44 44 44 44 44 44 44 44 44 44 44 44 44 44 44 44 44 44 44 41
45 0 1 1 1 1 1 1 1 1 1 1 1 1 1 1 1 2 18 19 19 19 19 19 19 19 19 19 19 19 19 19 19 19 20 45
45 6 7 7 7 7 7 7 7 7 7 7 7 7 7 7 7 8 24 25 25 25 25 25 25 25 25 25 25 25 25 25 25 16 26 45
45 18 19 19 19 19 19 19 19 19 19 19 19 19 19 19 19 20 0 1 1 1 1 1 1 1 1 1 1 1 1 1 1 1 2 45
45 24 25 25 25 25 25 25 25 25 25 25 25 25 25 25 25 26 6 7 7 7 7 7 7 7 7 7 7 7 7 7 7 7 8 45
45 0 1 1 1 1 1 1 1 1 1 1 1 1 1 1 1 2 18 19 19 19 19 19 19 19 19 19 19 19 19 19 19 19 20 45
45 6 7 7 7 7 7 7 7 7 7 7 7 7 7 7 7 8 24 25 25 25 25 25 25 25 25 25 25 25 25 25 25 25 26 45
45 18 19 19 19 19 19 19 19 19 19 19 19 19 19 19 19 20 0 1 1 1 1 1 1 1 1 1 1 1 1 1 1 1 2 45
45 24 25 25 25 25 25 25 25 25 25 25 25 25 25 25 25 26 6 7 7 7 7 7 7 7 7 7 7 7 7 7 7 7 8 45
45 0 1 1 1 1 1 1 1 1 1 1 1 1 1 1 1 2 18 19 19 19 19 19 19 19 19 19 19 19 19 19 19 19 20 45
45 6 7 7 7 7 7 7 7 7 7 7 7 7 7 7 7 8 24 25 25 25 25 25 25 25 25 25 25 25 25 25 25 25 26 45
42 44 44 44 44 44 44 44 44 44 44 44 44 44 44 44 44 44 44 44 44 44 44 44 44 44 44 44 44 44 44 44 44 44 44 43