25 25
34 35 35 35 35 35 35 35 35 35 35 35 35 35 35 35 35 35 35 35 35 35 35 35 36
37 40 44 44 44 44 44 44 44 44 41 37 38 39 40 44 44 44 44 44 44 44 44 41 39
37 45 18 19 19 19 19 19 19 20 45 37 38 39 45 0 1 1 1 1 1 1 2 45 39
37 45 21 22 22 22 22 22 22 23 45 37 38 39 45 3 4 4 4 4 4 4 5 45 39
37 45 21 22 22 22 22 22 22 23 42 44 44 44 43 3 4 4 4 4 4 4 5 45 39
37 45 21 22 22 22 22 22 22 22 19 28 28 29 0 4 4 4 4 4 4 4 5 45 39
37 45 21 22 22 22 22 22 22 22 26 9 10 10 7 4 4 4 4 4 4 4 5 45 39
37 45 21 22 22 22 22 22 22 23 40 44 44 44 41 4 4 4 4 4 4 4 5 45 39
37 45 21 22 22 22 22 22 22 23 45 34 35 36 45 3 4 4 4 4 4 4 5 45 39
37 45 24 25 25 25 25 25 25 26 45 37 38 39 45 6 7 7 4 4 7 7 8 45 39
37 42 44 44 44 44 44 44 44 44 43 37 38 39 42 44 44 41 6 5 40 44 44 43 39
37 35 35 35 35 35 35 35 35 35 35 38 38 38 35 35 36 45 30 13 45 34 35 35 39
37 38 38 38 38 38 38 38 38 38 38 38 38 38 38 38 39 45 31 13 45 37 38 38 39
37 38 38 38 38 38 38 38 38 38 38 38 38 38 38 38 39 45 31 14 45 37 38 38 39
37 40 44 44 44 44 44 44 44 44 41 37 38 39 40 44 44 43 21 20 42 44 44 41 39
37 45 0 1 1 1 1 1 1 2 45 37 38 39 45 18 19 19 22 22 19 19 20 45 39
37 45 3 16 4 4 4 4 4 5 45 37 38 39 45 21 22 22 22 22 22 22 23 45 39
37 45 3 4 4 4 4 4 4 5 42 44 44 44 43 21 22 22 22 22 22 22 23 45 39
37 45 3 4 4 4 4 4 4 4 1 10 10 11 18 22 22 22 22 22 22 22 23 45 39
37 45 3 4 4 4 4 4 4 4 8 27 28 28 25 22 22 22 22 22 22 22 23 45 39
37 45 3 4 4 4 4 4 4 5 40 44 44 44 41 21 22 22 22 22 22 22 23 45 39
37 45 3 4 4 4 4 4 4 5 45 34 35 36 45 21 22 22 22 22 22 22 23 45 39
37 45 6 7 7 7 7 7 7 8 45 37 38 39 45 27 25 25 25 25 25 25 26 45 39
37 42 44 44 44 44 44 44 44 44 43 37 38 39 42 44 44 44 44 44 44 44 44 43 39
37 35 35 35 35 35 35 35 35 35 35 38 38 38 35 35 35 35 35 35 35 35 35 35 39