19 44
40 44 44 44 44 44 44 44 44 44 44 44 44 44 44 44 44 44 41
45 0 1 1 1 1 1 1 10 1 10 1 1 1 1 1 1 2 45
45 3 4 4 4 4 4 5 33 13 33 3 4 4 4 4 4 5 45
45 3 4 4 4 4 4 4 1 4 1 4 4 4 4 4 4 5 45
45 3 4 4 4 4 4 7 4 4 4 7 4 4 4 4 4 5 45
45 3 4 4 4 4 5 33 6 7 8 33 3 4 4 4 4 5 45
45 3 4 4 4 4 4 2 33 33 33 0 4 4 4 4 4 5 45
45 3 4 4 4 4 4 4 1 1 1 4 4 4 4 4 4 5 45
45 3 4 4 4 4 4 4 4 4 4 4 4 4 4 4 4 5 45
45 3 4 4 4 4 4 4 4 4 4 4 4 4 4 4 4 5 45
45 3 4 4 4 4 4 4 4 4 4 4 4 4 4 4 4 5 45
45 3 4 4 4 4 4 4 4 4 4 4 4 4 4 4 4 5 45
45 3 4 4 4 4 4 4 4 4 4 4 4 4 4 4 4 5 45
45 3 4 4 4 4 4 7 4 4 4 7 4 4 4 4 4 5 45
45 3 4 4 4 7 5 33 3 7 5 33 3 7 4 4 4 5 45
45 3 4 4 5 33 3 1 5 33 3 1 5 33 3 4 4 5 45
45 3 4 4 5 33 6 7 8 33 6 7 8 33 3 4 4 5 45
45 3 4 4 4 2 33 33 33 12 33 33 33 0 4 4 4 5 45
45 3 4 4 4 4 1 1 1 4 1 1 1 4 4 4 4 5 45
45 3 4 4 4 4 4 4 4 4 4 4 4 4 4 4 4 5 45
45 3 4 4 4 4 4 4 4 4 4 4 4 4 4 4 4 5 45
45 3 4 4 4 4 4 4 4 7 4 4 4 4 4 4 4 5 45
45 3 4 4 4 4 4 4 5 33 3 4 4 4 4 4 4 5 45
45 3 4 4 4 4 4 4 4 1 4 4 4 4 4 4 4 5 45
45 3 4 4 4 4 4 4 4 4 4 4 4 4 4 4 4 5 45
45 3 4 4 4 4 4 4 4 4 4 4 4 4 4 4 4 5 45
45 3 4 4 4 4 4 4 4 4 4 4 4 4 4 4 4 5 45
45 3 4 4 4 4 7 4 4 4 4 4 7 4 4 4 4 5 45
45 3 4 4 4 5 33 6 4 4 4 8 33 3 4 4 4 5 45
45 3 4 4 4 4 2 33 6 4 8 33 0 4 4 4 4 5 45
45 3 4 4 4 4 4 2 33 14 33 0 4 4 4 4 4 5 45
45 3 4 4 4 4 4 4 2 33 0 4 4 4 4 4 4 5 45
45 3 4 4 4 4 4 4 5 33 3 4 4 4 4 4 4 5 45
45 3 4 4 4 4 4 4 5 33 3 4 4 4 4 4 4 5 45
45 3 4 4 4 4 4 4 5 33 3 4 4 4 4 4 4 5 45
45 3 4 4 4 4 4 4 5 33 3 4 4 4 4 4 4 5 45
45 3 4 4 4 16 7 4 4 1 4 4 7 7 4 4 4 5 45
45 3 4 4 5 18 20 3 4 4 4 5 18 20 3 4 4 5 45
45 3 4 4 5 21 23 3 4 4 4 5 21 23 3 4 4 5 45
45 3 4 4 5 21 23 3 4 4 4 5 21 23 3 4 4 5 45
45 3 4 4 5 21 23 3 4 4 4 5 21 23 3 4 4 5 45
45 3 4 4 5 21 23 3 4 4 4 5 21 23 3 4 4 5 45
45 6 7 7 8 24 26 6 7 7 7 8 24 26 6 7 7 8 45
42 44 44 44 44 44 44 44 44 44 44 44 44 44 44 44 44 44 43