25 27
55 55 55 55 55 55 55 55 40 44 44 44 44 44 44 44 41 55 55 55 55 55 55 55 55
55 55 55 55 55 55 55 55 45 0 1 1 1 1 1 2 45 55 55 55 55 55 55 55 55
55 55 55 55 55 55 55 55 45 3 4 4 57 4 4 5 45 55 55 55 55 55 55 55 55
55 55 55 55 55 55 55 55 45 3 4 4 4 4 4 5 45 55 55 55 55 55 55 55 55
55 55 55 55 55 55 55 55 45 3 4 4 4 4 4 5 45 55 55 55 55 55 55 55 55
55 55 55 55 55 55 55 55 45 6 7 7 7 7 7 8 45 55 55 55 55 55 55 55 55
55 55 55 55 55 55 55 55 42 44 41 18 19 20 40 44 43 55 55 55 55 55 55 55 55
55 55 55 55 55 55 55 55 55 55 45 21 22 23 45 55 55 55 55 55 55 55 55 55 55
40 44 44 41 55 55 55 55 55 55 45 21 22 23 45 55 55 55 55 55 55 40 44 44 41
45 0 2 42 41 55 55 55 55 55 45 21 22 23 45 55 55 55 55 55 40 43 0 2 45
45 3 4 2 42 41 55 55 55 55 45 21 22 23 45 55 55 55 55 40 43 0 4 5 45
45 3 33 4 2 42 41 55 55 40 43 21 22 23 42 41 55 55 40 43 0 4 33 5 45
45 3 4 4 33 21 42 58 44 43 22 22 22 22 22 42 44 58 43 20 33 4 4 5 45
45 3 4 4 4 21 22 22 22 22 22 22 22 22 22 22 22 22 22 23 4 4 4 5 45
45 3 33 4 4 21 22 22 22 22 22 22 22 22 22 22 22 22 22 23 4 4 33 5 45
45 3 4 4 4 21 22 22 22 22 22 22 22 22 22 22 22 22 22 23 4 4 4 5 45
45 3 4 4 33 21 22 22 22 22 22 22 22 22 22 22 22 22 22 26 33 4 4 5 45
45 3 33 4 8 40 44 44 44 44 41 21 22 23 40 44 44 44 44 41 6 4 33 5 45
45 6 7 8 40 43 55 55 55 55 45 21 22 23 45 55 55 55 55 42 41 6 4 5 45
42 44 44 44 43 55 55 55 55 55 45 24 25 26 45 55 55 55 55 55 42 44 44 44 43
55 55 55 55 55 55 55 55 55 55 45 1 1 1 45 55 55 55 55 55 55 55 55 55 55
55 55 55 55 55 55 55 55 55 55 45 4 4 4 45 55 55 55 55 55 55 55 55 55 55
55 55 55 55 55 55 55 55 55 55 45 4 4 4 45 55 55 55 55 55 55 55 55 55 55
55 55 55 55 55 55 55 55 55 55 45 4 4 4 45 55 55 55 55 55 55 55 55 55 55
55 55 55 55 55 55 55 55 55 55 45 4 4 4 45 55 55 55 55 55 55 55 55 55 55
55 55 55 55 55 55 55 55 55 55 45 7 7 7 45 55 55 55 55 55 55 55 55 55 55
55 55 55 55 55 55 55 55 55 55 42 44 44 44 43 55 55 55 55 55 55 55 55 55 55