38 20
40 44 44 44 44 44 44 44 44 44 44 44 44 44 44 44 44 44 44 44 44 44 44 44 44 44 44 44 44 44 44 44 44 44 44 44 44 41
45 18 19 19 19 19 19 19 19 19 19 19 19 19 19 19 19 19 19 19 19 19 19 19 19 19 19 19 19 19 19 19 19 19 19 19 20 45
45 21 22 22 22 22 22 22 22 22 22 22 22 22 22 22 22 22 22 22 22 22 22 22 22 22 22 22 22 22 22 22 22 22 22 16 23 45
45 21 22 22 22 22 22 22 22 22 22 22 22 22 22 22 22 22 22 22 22 25 22 22 22 22 22 22 22 22 22 22 22 22 22 22 23 45
45 21 22 22 22 22 22 22 22 25 22 22 22 22 22 22 22 22 22 22 26 17 21 22 22 22 22 22 22 22 22 22 22 22 22 22 23 45
45 21 22 22 22 22 22 22 23 17 21 22 22 22 25 22 22 22 22 23 17 4 21 22 22 22 22 22 22 22 22 22 22 25 22 22 23 45
45 21 22 25 22 22 22 22 23 17 21 22 22 23 17 24 22 22 22 23 17 18 22 25 22 22 22 22 22 25 22 22 23 17 21 22 23 45
45 21 23 17 21 22 22 25 23 4 21 22 22 23 4 17 21 22 22 23 4 21 23 17 21 22 22 22 26 17 21 22 23 17 21 22 23 45
45 21 23 17 21 22 23 17 31 4 21 22 25 22 20 17 21 22 25 23 4 21 23 17 21 22 22 23 17 4 21 22 23 4 21 22 23 45
45 21 23 4 24 22 23 17 31 4 21 26 17 21 23 4 24 23 17 31 4 24 23 4 21 22 22 23 17 18 22 22 23 4 21 25 23 45
45 21 23 4 17 21 23 4 31 4 31 17 4 21 23 4 4 32 4 31 4 17 31 4 21 25 22 23 4 21 22 22 26 4 31 17 31 45
45 21 23 4 17 21 23 4 32 4 31 17 18 22 22 20 4 17 4 24 20 17 31 4 31 17 21 23 4 21 22 23 17 4 31 4 31 45
45 21 26 4 4 21 23 4 17 4 31 4 21 22 22 23 4 17 30 4 31 4 31 4 32 17 21 23 4 21 22 23 17 4 32 4 31 45
45 31 17 4 4 21 23 4 4 18 23 4 21 22 22 22 20 4 31 4 31 4 31 4 4 4 21 26 4 21 22 23 4 4 4 4 31 45
45 31 4 4 4 21 22 20 4 21 26 4 21 22 22 22 23 4 31 4 32 4 21 20 4 4 31 4 4 21 22 23 13 30 13 18 23 45
45 31 13 30 13 21 22 23 13 31 4 4 21 22 22 22 23 4 24 20 4 4 21 22 20 13 31 13 18 22 22 23 13 31 13 21 23 45
45 31 13 31 13 21 22 23 13 31 13 18 22 22 22 22 23 4 4 31 13 18 22 22 23 13 31 13 21 22 22 23 13 31 13 21 23 45
45 31 13 31 13 21 22 23 13 31 13 21 22 22 22 22 22 20 13 31 13 21 22 22 23 13 31 13 21 22 22 23 13 31 13 21 23 45
45 32 14 32 14 24 25 26 14 32 14 24 25 25 25 25 25 26 14 32 14 24 25 25 26 14 32 14 24 25 25 26 14 32 14 27 26 45
42 44 44 44 44 44 44 44 44 44 44 44 44 44 44 44 44 44 44 44 44 44 44 44 44 44 44 44 44 44 44 44 44 44 44 44 44 43