25 28
40 44 44 46 44 44 44 44 44 44 44 44 44 44 44 44 44 44 46 44 44 44 46 44 41
45 0 2 51 0 1 1 1 1 1 1 1 1 1 1 1 1 2 45 0 1 2 45 36 45
45 3 5 30 3 4 4 4 4 4 4 4 4 4 4 4 4 5 45 3 4 5 45 39 45
45 6 8 32 6 7 7 7 7 7 7 7 7 7 7 4 4 5 45 3 4 5 45 39 45
49 44 44 41 27 28 29 44 44 44 46 44 44 44 41 3 4 5 45 3 4 5 45 39 45
45 34 36 45 0 1 1 1 1 2 45 0 1 2 45 3 4 5 45 3 4 5 45 39 45
45 37 39 45 3 4 4 4 4 5 45 3 4 5 51 3 4 5 51 3 4 5 45 39 45
45 37 39 45 3 4 4 4 4 5 45 3 4 5 30 3 4 5 30 3 4 5 45 39 45
45 37 39 45 6 7 7 4 4 5 45 3 4 5 32 6 7 8 32 6 7 8 45 39 45
49 44 44 48 44 44 41 3 4 5 45 3 4 5 40 44 44 44 41 27 28 29 42 44 50
45 0 1 1 1 2 45 3 4 5 45 3 4 5 45 34 35 36 45 0 1 1 1 2 45
45 3 4 4 4 5 51 3 4 5 45 3 4 5 45 37 38 39 45 3 4 4 4 5 45
45 3 4 4 4 5 30 3 4 5 45 3 4 5 45 37 38 39 45 3 4 4 4 5 45
45 3 4 4 4 5 32 6 7 8 45 3 4 5 45 37 38 39 45 3 4 4 4 5 45
45 3 4 4 4 5 40 44 44 44 50 3 4 5 49 44 44 44 50 3 4 4 4 5 45
45 3 4 4 4 5 45 0 1 2 45 3 16 5 45 0 1 2 45 3 4 4 4 5 45
45 6 7 7 7 8 45 6 7 8 45 6 7 8 45 6 7 8 45 6 7 7 7 8 45
45 27 28 28 28 29 51 27 28 29 42 44 46 44 43 27 28 29 51 27 28 28 28 29 45
45 0 1 1 1 1 1 1 1 1 1 2 45 0 1 1 1 1 1 1 1 1 1 2 45
45 3 4 4 4 4 4 4 4 4 4 5 45 3 4 4 4 4 4 4 4 4 4 5 45
45 3 4 4 4 4 4 4 4 4 4 5 45 3 4 4 4 4 4 4 4 4 4 5 45
45 3 4 4 4 4 4 4 4 4 4 5 51 3 4 4 4 4 4 4 4 4 4 5 45
45 6 7 7 7 4 4 4 4 4 4 5 30 3 4 4 4 4 4 4 4 4 4 5 45
49 44 44 44 41 3 4 4 4 4 4 5 31 3 4 4 4 4 4 4 4 4 4 5 45
45 34 35 36 45 3 4 4 4 4 4 5 31 3 4 4 4 4 4 4 4 4 4 5 45
45 37 38 39 45 3 4 4 4 4 4 5 31 3 4 4 4 4 4 4 4 4 4 5 45
45 37 38 39 45 6 7 7 7 7 7 8 32 6 7 7 7 7 7 7 7 7 7 8 45
42 44 44 44 48 44 44 44 44 44 44 44 44 44 44 44 44 44 44 44 44 44 44 44 43