24 24
55 55 55 55 55 55 55 55 55 55 55 55 55 55 55 55 55 55 55 55 55 55 55 55
55 55 55 55 40 44 44 44 44 44 44 44 44 44 44 44 44 44 44 41 55 55 55 55
55 55 55 40 43 18 19 28 19 19 19 19 19 19 28 19 19 28 20 42 41 55 55 55
55 55 40 43 18 22 23 15 21 22 25 22 22 23 15 21 23 15 21 20 42 41 55 55
55 40 43 18 22 25 22 19 22 23 15 21 22 22 19 22 22 19 22 16 20 42 41 55
55 45 18 22 23 15 21 22 22 22 19 22 25 22 25 22 22 22 22 22 22 20 45 55
55 45 21 25 22 19 22 23 15 21 22 23 15 31 15 21 25 22 22 25 22 23 45 55
55 45 31 15 21 22 22 22 19 22 22 22 19 22 19 23 15 21 23 15 21 23 45 55
55 45 21 19 22 22 22 22 22 22 25 25 25 25 22 22 19 25 22 19 22 23 45 55
55 45 21 22 25 22 22 15 21 26 40 44 44 41 24 22 23 15 21 25 22 23 45 55
55 45 21 23 15 21 22 19 23 40 43 34 36 42 41 21 22 19 23 15 21 23 45 55
55 45 21 22 19 22 22 22 23 45 34 38 38 36 45 21 25 22 22 19 22 23 45 55
55 45 21 22 22 22 25 22 23 45 37 38 38 39 45 31 15 21 22 22 22 23 45 55
55 45 21 25 22 23 15 21 23 42 41 37 39 40 43 21 19 22 25 22 22 23 45 55
55 45 31 15 21 25 19 22 22 20 42 44 44 43 18 22 22 23 15 21 25 23 45 55
55 45 21 19 23 15 21 22 25 22 19 19 19 19 22 25 22 22 19 23 15 31 45 55
55 45 21 22 22 19 22 23 15 21 22 25 22 22 23 15 21 22 22 22 19 23 45 55
55 45 21 22 25 22 22 22 19 22 23 15 21 22 22 19 25 22 22 25 22 23 45 55
55 45 24 23 15 21 22 22 25 22 22 19 22 22 22 23 15 21 23 15 21 26 45 55
55 42 41 24 19 22 22 23 15 21 22 22 22 25 22 22 19 22 22 19 26 40 43 55
55 55 42 41 24 22 22 22 19 22 22 22 23 15 21 22 22 22 22 26 40 43 55 55
55 55 55 42 41 24 25 25 25 25 25 25 25 28 25 25 25 25 26 40 43 55 55 55
55 55 55 55 42 44 44 44 44 44 44 44 44 44 44 44 44 44 44 43 55 55 55 55
55 55 55 55 55 55 55 55 55 55 55 55 55 55 55 55 55 55 55 55 55 55 55 55