30 30
55 55 55 55 55 55 55 55 40 44 44 44 44 44 44 44 41 55 55 55 55 55 55 55 55 55 55 55 55 55
55 55 55 55 55 55 55 55 45 0 1 1 1 1 1 2 45 55 55 55 55 55 55 55 55 55 55 55 55 55
55 55 55 55 55 55 55 55 45 3 4 4 57 4 4 5 45 55 55 55 55 55 55 55 55 55 55 55 55 55
55 55 55 55 55 55 55 55 45 3 4 4 4 4 4 5 45 55 55 55 55 55 55 55 55 55 55 55 55 55
55 55 55 55 55 55 55 55 45 3 4 4 4 4 4 5 45 55 55 55 55 55 55 55 55 55 55 55 55 55
55 55 55 55 55 55 55 55 45 6 7 7 7 7 7 8 45 55 55 55 55 55 55 55 55 55 55 55 55 55
55 55 55 55 55 55 55 55 55 55 55 55 55 55 55 55 55 55 55 55 55 55 55 55 55 55 55 55 55 55
55 55 55 55 55 55 55 55 55 55 55 55 55 55 55 55 55 55 55 55 55 55 55 55 55 55 55 55 55 55
55 55 55 55 55 55 55 55 55 55 55 55 55 55 55 55 55 55 55 55 55 55 55 55 55 55 55 55 55 55
55 55 55 55 55 55 55 55 55 55 55 55 55 55 55 55 55 55 55 55 55 55 40 44 44 44 44 44 44 44
55 55 55 55 55 55 55 55 55 55 55 55 55 55 55 55 55 55 55 55 55 40 43 55 55 55 55 55 55 55
55 55 55 55 55 55 55 55 55 55 55 55 55 55 55 55 55 55 55 55 40 43 18 55 55 55 55 55 55 55
55 55 55 55 55 55 55 55 55 55 55 55 55 55 55 55 55 55 55 40 43 18 22 55 55 55 55 55 55 55
55 55 55 55 55 55 55 55 55 55 49 44 44 44 44 44 44 44 44 43 18 22 22 55 55 55 55 55 55 55
55 55 55 55 55 55 55 55 55 55 45 18 19 19 19 19 19 19 19 19 22 22 22 55 55 55 55 55 55 55
55 55 55 55 55 55 55 55 55 55 45 21 22 22 22 22 22 22 22 22 22 22 22 55 55 55 55 55 55 55
55 55 55 55 55 55 55 55 55 55 45 21 22 22 22 22 22 22 22 22 22 22 22 55 55 55 55 55 55 55
55 55 55 55 55 55 55 55 55 55 45 21 22 23 40 44 44 44 41 24 25 25 25 55 55 55 55 55 55 55
55 55 55 55 55 55 55 55 55 55 45 21 22 23 45 55 55 55 42 50 24 25 25 55 55 55 55 55 55 55
55 55 55 55 55 55 55 55 55 55 45 24 25 26 45 55 55 55 55 42 41 24 25 25 55 55 55 55 55 55
55 55 55 55 55 55 55 55 55 55 45 1 1 1 45 55 55 55 55 55 42 50 24 25 55 55 55 55 55 55
55 55 55 55 55 55 55 55 55 55 45 4 4 4 45 55 55 55 55 55 55 42 41 24 55 55 55 55 55 55
55 55 55 55 55 55 55 55 55 55 45 4 4 4 45 55 55 55 55 55 55 55 42 41 55 55 55 55 55 55
55 55 55 55 55 55 55 55 55 55 45 4 4 4 45 55 55 55 55 55 55 55 55 42 55 55 55 55 55 55
55 55 55 55 55 55 55 55 55 40 43 4 4 4 42 41 55 55 55 55 55 55 55 55 55 55 55 55 55 55
55 55 55 55 55 55 55 55 55 45 0 4 4 4 2 45 55 55 55 55 55 55 55 55 55 55 55 55 55 55
55 55 55 55 55 55 55 55 55 45 3 4 4 4 5 45 55 55 55 55 55 55 55 55 55 55 55 55 55 55
55 55 55 55 55 55 55 55 55 45 3 4 4 4 5 45 55 55 55 55 55 55 55 55 55 55 55 55 55 55
55 55 55 55 55 55 55 55 55 45 6 4 4 4 8 45 55 55 55 55 55 55 55 55 55 55 55 55 55 55
55 55 55 55 55 55 55 55 55 42 48 44 44 44 48 43 55 55 55 55 55 55 55 55 55 55 55 55 55 55