32 22
55 55 55 55 55 55 55 55 55 55 55 55 55 55 55 55 55 55 55 55 55 55 55 55 55 55 55 55 55 55 55 55
55 55 55 55 55 55 55 40 44 44 44 44 44 44 44 44 44 44 44 44 44 44 44 44 41 55 55 55 55 55 55 55
55 55 55 55 55 40 44 43 27 28 28 28 28 28 28 28 28 28 28 28 28 28 28 29 42 44 41 55 55 55 55 55
55 55 55 40 44 43 27 29 0 1 1 1 1 1 1 1 1 1 1 1 1 1 1 2 27 29 42 44 41 55 55 55
55 55 40 43 27 29 0 1 4 4 4 4 4 4 4 17 17 4 4 4 4 4 4 4 1 2 27 29 42 41 55 55
55 40 43 33 0 1 4 4 4 4 4 4 4 4 4 17 17 4 4 4 4 4 4 4 4 4 1 2 33 42 41 55
55 45 33 9 4 4 17 17 4 4 4 4 4 4 4 4 4 4 4 4 4 4 4 4 4 4 16 4 11 33 45 55
55 42 41 33 6 4 17 17 4 4 4 4 4 4 4 4 4 4 4 4 4 4 4 4 4 4 4 8 33 40 43 55
55 55 42 41 30 3 4 4 4 4 4 4 4 4 4 4 4 4 4 4 4 4 17 17 4 4 5 30 40 43 55 55
55 55 55 45 31 3 4 4 4 4 4 4 4 4 4 4 4 4 4 4 4 4 17 17 4 4 5 31 45 55 55 55
55 55 40 43 32 3 4 4 4 4 4 17 17 4 4 4 4 4 4 4 4 4 4 4 4 4 5 32 42 41 55 55
55 40 43 33 0 4 4 4 4 4 4 17 17 4 4 4 4 4 4 4 4 4 4 4 4 4 4 2 33 42 41 55
55 45 30 0 4 4 4 4 4 4 4 4 4 4 4 4 4 4 17 17 4 4 4 4 4 4 4 4 2 30 45 55
55 45 31 3 4 4 4 4 4 4 4 4 4 4 4 4 4 4 17 17 4 4 4 4 4 4 4 4 5 31 45 55
55 45 31 3 4 4 4 4 4 4 4 4 4 4 4 4 4 4 4 4 4 4 4 4 4 4 4 4 5 31 45 55
55 45 31 3 4 4 4 4 4 4 4 4 4 4 4 4 4 4 4 4 4 4 4 4 17 17 4 4 5 31 45 55
55 45 31 3 4 4 4 4 4 4 17 17 4 4 4 4 4 4 4 4 4 4 4 4 17 17 4 4 5 31 45 55
55 45 31 3 4 4 4 4 4 4 17 17 4 4 4 4 4 4 4 4 4 4 4 4 4 4 4 4 5 31 45 55
55 45 32 6 7 7 7 7 7 7 7 7 7 7 7 7 7 7 7 7 7 7 7 7 7 7 7 7 8 32 45 55
55 42 41 27 28 28 28 28 28 28 28 28 28 28 28 28 28 28 28 28 28 28 28 28 28 28 28 28 29 40 43 55
55 55 42 44 44 44 44 44 44 44 44 44 44 44 44 44 44 44 44 44 44 44 44 44 44 44 44 44 44 43 55 55
55 55 55 55 55 55 55 55 55 55 55 55 55 55 55 55 55 55 55 55 55 55 55 55 55 55 55 55 55 55 55 55