25 35
55 55 55 55 55 55 55 55 55 55 55 55 55 55 55 55 55 55 55 55 55 55 55 55 55
55 55 55 55 55 55 55 55 55 0 1 1 1 1 1 2 55 55 55 55 55 55 55 55 55
55 55 55 55 55 55 55 55 55 3 4 4 16 4 4 5 55 55 55 55 55 55 55 55 55
55 55 55 55 55 55 55 55 55 3 4 5 31 3 4 5 55 55 55 55 55 55 55 55 55
55 55 55 55 55 55 55 55 55 6 7 8 31 6 7 8 55 55 55 55 55 55 55 55 55
55 55 40 44 44 44 44 44 44 44 44 43 31 42 44 44 44 44 44 44 44 44 41 55 55
55 55 45 18 19 19 19 19 19 19 19 19 22 19 19 19 19 19 19 19 19 20 45 55 55
55 55 45 21 22 22 22 22 22 22 22 22 22 22 22 22 22 22 22 22 22 23 45 55 55
55 55 45 21 22 22 22 22 22 22 22 22 22 22 22 22 22 22 22 22 22 23 45 55 55
55 55 45 21 22 22 22 22 22 22 22 22 22 22 22 22 22 22 22 22 22 23 45 55 55
55 55 45 24 22 22 22 22 22 22 22 22 22 22 22 22 22 22 22 22 22 26 45 55 55
55 55 42 41 24 22 22 22 22 22 22 22 22 22 22 22 22 22 22 22 26 40 43 55 55
55 55 55 42 41 24 22 22 22 22 22 22 22 22 22 22 22 22 22 26 40 43 55 55 55
55 55 55 55 42 41 24 22 22 22 22 22 22 22 22 22 22 22 26 40 43 55 55 55 55
55 55 55 55 55 42 41 24 22 22 22 22 22 22 22 22 22 26 40 43 55 55 55 55 55
55 55 55 55 55 55 42 41 24 22 22 22 22 22 22 22 26 40 43 55 55 55 55 55 55
55 55 55 55 55 55 55 42 41 24 22 22 22 22 22 26 40 43 55 55 55 55 55 55 55
55 55 55 55 55 55 55 55 42 44 41 21 22 23 40 44 43 55 55 55 55 55 55 55 55
55 55 55 55 55 55 55 55 55 55 45 21 22 23 45 55 55 55 55 55 55 55 55 55 55
55 55 55 55 55 55 55 55 55 55 45 21 22 23 45 55 55 55 55 55 55 55 55 55 55
55 55 55 55 55 55 55 55 55 55 45 21 22 23 45 55 55 55 55 55 55 55 55 55 55
55 55 55 55 55 55 55 55 55 55 45 21 22 23 45 55 55 55 55 55 55 55 55 55 55
55 55 55 55 55 55 55 55 55 55 45 21 22 23 45 55 55 55 55 55 55 55 55 55 55
55 55 55 55 55 55 55 55 55 55 45 21 22 23 45 55 55 55 55 55 55 55 55 55 55
55 55 55 55 55 55 55 55 55 55 45 21 22 23 45 55 55 55 55 55 55 55 55 55 55
55 55 55 55 55 55 55 55 55 55 45 21 22 23 45 55 55 55 55 55 55 55 55 55 55
55 55 55 55 55 55 55 55 55 55 45 21 22 23 45 55 55 55 55 55 55 55 55 55 55
55 55 55 55 55 55 55 55 55 55 45 21 22 23 45 55 55 55 55 55 55 55 55 55 55
55 55 55 55 55 55 55 55 55 55 45 21 22 23 45 55 55 55 55 55 55 55 55 55 55
55 55 55 55 55 55 55 55 55 55 45 21 22 23 45 55 55 55 55 55 55 55 55 55 55
55 55 55 55 55 55 55 55 55 55 45 21 22 23 45 55 55 55 55 55 55 55 55 55 55
55 55 55 55 55 55 55 55 55 55 45 21 22 23 45 55 55 55 55 55 55 55 55 55 55
55 55 55 55 55 55 55 55 55 55 45 21 22 23 45 55 55 55 55 55 55 55 55 55 55
55 55 55 55 55 55 55 55 55 55 45 24 25 26 45 55 55 55 55 55 55 55 55 55 55
55 55 55 55 55 55 55 55 55 55 42 48 48 48 43 55 55 55 55 55 55 55 55 55 55