25 27
55 55 55 55 55 55 55 55 55 55 55 55 55 55 55 55 55 55 55 55 55 55 55 55 55
55 55 55 55 55 55 55 55 55 55 55 55 55 55 55 55 55 55 55 55 55 55 55 55 55
55 55 55 55 55 55 55 55 55 55 55 55 55 55 55 55 55 55 55 55 55 55 55 55 55
55 55 55 55 55 55 55 55 55 55 55 55 55 55 55 55 55 55 55 55 55 55 55 55 55
55 55 55 55 55 55 55 55 55 55 40 44 44 44 41 55 55 55 55 55 55 55 55 55 55
55 55 55 55 55 55 55 55 55 55 45 18 19 20 45 55 55 55 55 55 55 55 55 55 55
55 55 55 55 55 55 55 55 55 55 45 21 16 23 45 55 55 55 55 55 55 55 55 55 55
55 55 55 55 55 55 55 55 55 55 45 21 22 23 45 55 55 55 55 55 55 55 55 55 55
55 55 55 55 55 55 55 55 55 55 45 21 22 23 45 55 55 55 55 55 55 55 55 55 55
55 55 40 44 44 44 44 44 44 44 43 21 22 23 42 44 44 44 44 44 44 44 41 55 55
55 55 45 18 19 19 19 19 19 19 19 22 22 22 19 19 19 19 19 19 19 20 45 55 55
55 55 45 21 22 22 22 22 22 22 22 22 22 22 22 22 22 22 22 22 22 23 45 55 55
55 55 45 21 22 22 22 22 22 22 22 0 1 2 22 22 22 22 22 22 22 23 45 55 55
55 55 45 21 22 33 22 22 22 22 22 3 33 5 22 22 22 22 22 33 22 23 45 55 55
55 55 45 24 22 22 22 22 22 22 22 6 7 8 22 22 22 22 22 22 22 26 45 55 55
55 55 42 41 21 22 22 22 22 22 22 22 22 22 22 22 22 22 22 22 23 40 43 55 55
55 55 55 45 24 25 25 25 25 25 25 22 22 22 25 25 25 25 25 25 26 45 55 55 55
55 55 55 42 44 44 44 44 44 44 41 21 22 23 40 44 44 44 44 44 44 43 55 55 55
55 55 55 55 55 55 55 55 55 55 45 21 22 23 45 55 55 55 55 55 55 55 55 55 55
55 55 55 55 55 55 55 55 55 55 45 21 22 23 45 55 55 55 55 55 55 55 55 55 55
55 55 55 55 55 55 55 55 55 55 45 21 22 23 45 55 55 55 55 55 55 55 55 55 55
55 55 55 55 55 55 55 55 55 55 45 21 22 23 45 55 55 55 55 55 55 55 55 55 55
55 55 55 55 55 55 55 55 55 55 45 21 22 23 45 55 55 55 55 55 55 55 55 55 55
55 55 55 55 55 55 55 55 55 55 45 21 22 23 45 55 55 55 55 55 55 55 55 55 55
55 55 55 55 55 55 55 55 55 55 45 21 22 23 45 55 55 55 55 55 55 55 55 55 55
55 55 55 55 55 55 55 55 55 55 45 24 25 26 45 55 55 55 55 55 55 55 55 55 55
55 55 55 55 55 55 55 55 55 55 42 44 44 44 43 55 55 55 55 55 55 55 55 55 55